pose 2d
    [[   0.       ,    0.       ],
    [  24.408997 ,   -2.9646606],
    [  28.744385 ,   94.17975  ],
    [  39.956482 ,  189.70123  ],
    [ -24.75821  ,    3.027588 ],
    [ -29.521606 ,  101.682495 ],
    [ -31.822632 ,  199.61505  ],
    [   2.1511536,  -53.474182 ],
    [   3.1991577, -106.45804  ],
    [   1.3686218, -130.05487  ],
    [   6.159668 , -151.59207  ],
    [ -31.614044 , -102.89151  ],
    [ -91.86539  ,  -88.82028  ],
    [-146.71997  ,  -85.82294  ],
    [  39.799103 , -101.47385  ],
    [  94.6705   ,  -86.878784 ],
    [ 132.96384  ,  -81.6579   ]],


pose 3d

    tensor([[[   0.0000,    0.0000,    0.0000],
    [-122.8488,    8.8507,   14.9784],
    [-147.7271,   46.9661, -455.0159],
    [-178.0666,  154.2699, -910.1797],
    [ 122.8491,   -8.8508,  -14.9784],
    [ 143.0385,   17.8858, -485.9824],
    [ 183.0327,  124.7451, -940.5040],
    [   3.3078,   12.2267,  255.9711],
    [  12.8050,   25.4400,  505.7986],
    [   7.0559,  -21.4933,  616.6916],
    [  10.0752,   35.4873,  716.5336],
    [ 193.7564,   44.0041,  483.2609],
    [ 480.9329,   36.8020,  410.5724],
    [ 713.5394,  -49.5378,  389.3997],
    [-168.9210,   42.5834,  489.1271],
    [-458.9742,   53.7452,  429.5425],
    [-701.5867,    1.0550,  410.2715]]]


pose 2d_proj

    [-1.5882e+06,  1.1474e+05],
    [ 8.7641e+02,  3.9967e+02],
    [ 7.3363e+02,  3.2394e+02],
    [-1.5882e+06,  1.1473e+05],
    [ 1.8080e+02,  4.7389e+02],
    [ 2.9195e+02,  3.6522e+02],
    [ 5.2733e+02,  5.7005e+02],
    [ 5.4150e+02,  5.7293e+02],
    [ 5.2564e+02,  4.7560e+02],
    [ 5.2863e+02,  5.7206e+02],
    [ 9.5838e+02,  6.1636e+02],
    [ 2.0894e+03,  6.3385e+02],
    [ 6.8076e+03,  7.3137e+01],
    [ 1.2568e+02,  6.1262e+02],
    [-8.2031e+02,  6.6932e+02],
    [-4.2646e+03,  5.1786e+02]]]