Pose 2d
    [[451.05972, 405.72302],
    [475.46872, 402.75836],
    [479.8041 , 499.90277],
    [491.0162 , 595.42426],
    [426.3015 , 408.7506 ],
    [421.53812, 507.40552],
    [419.2371 , 605.3381 ],
    [453.21088, 352.24884],
    [454.25888, 299.26498],
    [452.42834, 275.66815],
    [457.2194 , 254.13095],
    [419.44568, 302.8315 ],
    [359.19434, 316.90274],
    [304.33975, 319.9001 ],
    [490.85883, 304.24918],
    [545.7302 , 318.84424],
    [584.02356, 324.06512]],

Pose 3d
    [-4.3416e+01, -1.2319e+02,  9.8536e+02],
    [-1.6626e+02, -1.1434e+02,  1.0003e+03],
    [-1.9114e+02, -7.6222e+01,  5.3034e+02],
    [-2.2148e+02,  3.1082e+01,  7.5178e+01],
    [ 7.9433e+01, -1.3204e+02,  9.7038e+02],
    [ 9.9623e+01, -1.0530e+02,  4.9938e+02],
    [ 1.3962e+02,  1.5571e+00,  4.4854e+01],
    [-4.0108e+01, -1.1096e+02,  1.2413e+03],
    [-3.0611e+01, -9.7748e+01,  1.4912e+03],
    [-3.6360e+01, -1.4468e+02,  1.6020e+03],
    [-3.3341e+01, -8.7701e+01,  1.7019e+03],
    [ 1.5034e+02, -7.9184e+01,  1.4686e+03],
    [ 4.3752e+02, -8.6386e+01,  1.3959e+03],
    [ 6.7012e+02, -1.7273e+02,  1.3748e+03],
    [-2.1234e+02, -8.0605e+01,  1.4745e+03],
    [-5.0239e+02, -6.9443e+01,  1.4149e+03],
    [-7.4500e+02, -1.2213e+02,  1.3956e+03]]])

pose2d proj
    [   462.2384,    372.9068],
    [   323.6427,    385.6579],
    [   110.0054,    354.9320],
    [-54975.9414,   8278.0449],
    [   605.7806,    360.5475],
    [   737.3175,    277.8871],
    [ 69852.6953,   1272.2595],
    [   475.5968,    413.3682],
    [   489.0505,    440.5312],
    [   486.5862,    412.3103],
    [   490.1181,    456.5375],
    [   629.4213,    453.9298],
    [   864.5737,    445.8323],
    [  1049.8069,    376.6378],
    [   348.3705,    453.1714],
    [   114.8130,    460.3469],
    [   -75.2996,    418.7665]]